AMC-3                   
1 24936U 97050A   26171.36345514  .00000032  00000+0  00000+0 0  9996
2 24936   8.1731  63.9526 0004276  28.7988 162.4826  0.99063277 52467
NSS-11                  
1 26554U 00059A   26171.35556845  .00000020  00000+0  00000+0 0  9994
2 26554   2.1358  81.3554 0002909 358.9834 132.2266  1.00272335 41324
AMC-6                   
1 26580U 00067A   26171.39489199  .00000084  00000+0  00000+0 0  9993
2 26580   0.1614  83.1922 0003583  14.3540 178.1789  1.00270149 93924
AMC-15                  
1 28446U 04041A   26171.36017014 -.00000093  00000+0  00000+0 0  9993
2 28446   0.0144 359.6314 0002305  75.3144 218.2288  1.00271527 79338
NSS-10                  
1 28526U 05003A   26171.28277340 -.00000258  00000+0  00000+0 0  9995
2 28526   6.4581  70.4174 0002852  12.1151 250.3009  1.00272014 53183
ASTRA 1KR               
1 29055U 06012A   26171.32444138  .00000114  00000+0  00000+0 0  9990
2 29055   0.4831  83.2137 0003417   1.9229 319.1766  1.00273147 45727
ASTRA 1L                
1 31306U 07016A   26171.38713045 -.00000189  00000+0  00000+0 0  9992
2 31306   1.3311  81.5582 0005349  13.7881 288.1363  1.00270966 45014
ASTRA 4A                
1 32299U 07057A   26171.39293715  .00000028  00000+0  00000+0 0  9998
2 32299   0.0127 340.0552 0002413 112.4942 322.3133  1.00273096 51673
ASTRA 1M                
1 33436U 08057A   26171.32452803  .00000116  00000+0  00000+0 0  9999
2 33436   0.3056  82.5193 0004908  26.1383 296.0779  1.00273362 45763
NSS-9                   
1 33749U 09008A   26171.35695513  .00000067  00000+0  00000+0 0  9998
2 33749   1.2711  82.6304 0002072 348.7007 148.7959  1.00271482 63550
SES-7 (PROTOSTAR 2)     
1 34941U 09027A   26171.41343206 -.00000349  00000+0  00000+0 0  9994
2 34941   0.0464  72.0603 0000445 282.4348 171.2077  1.00270419 62668
NSS-12                  
1 36032U 09058A   26171.40333720  .00000067  00000+0  00000+0 0  9996
2 36032   0.0895 275.1676 0005078 143.7680  51.8750  1.00273043 60957
SES-1                   
1 36516U 10016A   26171.35461541 -.00000119  00000+0  00000+0 0  9995
2 36516   0.0271 302.6251 0002701 143.4771 209.1172  1.00271007 59069
ASTRA 3B                
1 36581U 10021A   26171.32539470  .00000132  00000+0  00000+0 0  9991
2 36581   1.4774  83.5169 0004137   8.5551 317.0918  1.00272359 58897
SES-3                   
1 37748U 11035A   26171.35461541 -.00000107  00000+0  00000+0 0  9992
2 37748   1.3361  83.0559 0002382 358.6065 211.5647  1.00271591 54622
ASTRA 1N                
1 37775U 11041A   26171.32452803  .00000115  00000+0  00000+0 0  9995
2 37775   0.0722  28.0340 0006413  74.1092 302.4267  1.00272264 44552
SES-2                   
1 37809U 11049A   26171.38933449 -.00000200  00000+0  00000+0 0  9993
2 37809   0.0701  96.8317 0002714 349.6425 235.2805  1.00271736 53996
QUETZSAT 1              
1 37826U 11054A   26171.37673041 -.00000246  00000+0  00000+0 0  9996
2 37826   0.0334  59.3393 0002657  30.4863 237.3860  1.00271979 49901
SES-4                   
1 38087U 12007A   26171.10245006 -.00000174  00000+0  00000+0 0  9992
2 38087   0.0254  31.8182 0002775  77.4924 173.8905  1.00268006 52256
SES-5                   
1 38652U 12036A   26171.10782341  .00000029  00000+0  00000+0 0  9998
2 38652   0.0456 317.0080 0001850 132.7689 222.3295  1.00272034 44484
ASTRA 2F                
1 38778U 12051A   26171.32626139  .00000145  00000+0  00000+0 0  9999
2 38778   0.0546 254.3347 0001656 280.1839 239.6386  1.00271758 41167
SES-6                   
1 39172U 13026A   26171.38401044 -.00000266  00000+0  00000+0 0  9998
2 39172   0.0186 337.8981 0002555 114.3836 274.0592  1.00272290 47756
O3B FM5                 
1 39188U 13031A   26171.23823031 -.00000024  00000+0  00000+0 0  9991
2 39188   0.0979 343.2810 0002917  92.7743 283.9749  5.00115674237191
O3B FM4                 
1 39189U 13031B   26170.15831673 -.00000024  00000+0  00000+0 0  9993
2 39189   0.0422 346.3689 0005069  90.8982 282.7872  5.00115263237141
O3B FM2                 
1 39190U 13031C   26171.02338341 -.00000024  00000+0  00000+0 0  9996
2 39190   0.0372 341.1553 0002756 104.1157 274.7581  5.00116048237255
O3B PFM                 
1 39191U 13031D   26171.23739391 -.00000024  00000+0  00000+0 0  9990
2 39191   0.0676 351.4590 0005350  91.4750 277.1245  5.00116016236829
ASTRA 2E                
1 39285U 13056A   26173.32247150  .00000152  00000+0  00000+0 0  9991
2 39285   0.0684 321.2070 0002580 135.3199 318.5808  1.00268753 46463
SES-8                   
1 39460U 13071A   26171.33956891 -.00000274  00000+0  00000+0 0  9997
2 39460   0.0166 297.5628 0002743 151.4996  36.7317  1.00271927 44461
ASTRA 5B                
1 39617U 14011B   26171.32539470  .00000132  00000+0  00000+0 0  9997
2 39617   0.0635 312.5910 0002057 113.5023 343.0777  1.00268988 44698
O3B FM3                 
1 40079U 14038A   26171.10418086 -.00000024  00000+0  00000+0 0  9996
2 40079   0.0480 353.7178 0002353 153.7057 212.5887  5.00115672213195
O3B FM7                 
1 40080U 14038B   26171.25018743 -.00000024  00000+0  00000+0 0  9990
2 40080   0.0470 344.8361 0003798  77.2780 297.9219  5.00115643218030
O3B FM6                 
1 40081U 14038C   26171.27716725 -.00000024  00000+0  00000+0 0  9998
2 40081   0.0470 350.4633 0002637  97.5493 272.0152  5.00115726217988
O3B FM8                 
1 40082U 14038D   26171.13052873 -.00000024  00000+0  00000+0 0  9991
2 40082   0.0470 349.2203 0002757 101.3096 269.4992  5.00116050218090
O3B FM10                
1 40348U 14083A   26169.75852308 -.00000023  00000+0  00000+0 0  9991
2 40348   0.0376 329.7309 0002678 117.5455 272.7519  5.00115243209972
O3B FM11                
1 40349U 14083B   26170.57073489 -.00000024  00000+0  00000+0 0  9990
2 40349   0.0555 354.2093 0002686  77.7175 288.1001  5.00115539210034
O3B FM12                
1 40350U 14083C   26170.99752779 -.00000024  00000+0  00000+0 0  9994
2 40350   0.0546 354.2593 0002525  92.2470 273.5202  5.00115931210063
O3B FM9                 
1 40351U 14083D   26171.22424779 -.00000024  00000+0  00000+0 0  9998
2 40351   0.0564 353.4273 0002706  93.8298 272.7715  5.00115983210221
ASTRA 2G                
1 40364U 14089A   26171.32626139  .00000145  00000+0  00000+0 0  9996
2 40364   0.0464   6.7607 0004720  60.8751 346.5362  1.00269481 41992
SES-9                   
1 41380U 16013A   26171.34216894 -.00000349  00000+0  00000+0 0  9996
2 41380   0.0111 338.5957 0002324 101.7052  59.7247  1.00269311 37476
SES-10                  
1 42432U 17017A   26171.37872375 -.00000277  00000+0  00000+0 0  9995
2 42432   0.0216  40.5012 0002727  55.6577 241.8767  1.00272149 33783
SES-15                  
1 42709U 17026A   26171.39489199  .00000056  00000+0  00000+0 0  9996
2 42709   0.0195 339.4234 0000441  78.9236 223.2436  1.00268923  7461
SES-11 (ECHOSTAR 105)   
1 42967U 17063A   26171.36003124 -.00000094  00000+0  00000+0 0  9993
2 42967   0.0149   3.9068 0002813  71.1261 218.1920  1.00271096 31757
SES-14                  
1 43175U 18012B   26171.16863694 -.00000283  00000+0  00000+0 0  9994
2 43175   0.0176  27.7377 0001235  43.1327 210.7211  1.00279470  7056
O3B FM15                
1 43231U 18024A   26169.49203947 -.00000023  00000+0  00000+0 0  9994
2 43231   0.0516   1.9456 0002620  83.8709 274.2112  5.00115790151090
O3B FM16                
1 43232U 18024B   26171.14349539 -.00000024  00000+0  00000+0 0  9999
2 43232   0.0513   6.3997 0002645  79.8784 273.7498  5.00115959151090
O3B FM14                
1 43233U 18024C   26171.38419139 -.00000024  00000+0  00000+0 0  9990
2 43233   0.0500   7.2586 0002878  82.2046 270.5674  5.00115735151103
O3B FM13                
1 43234U 18024D   26166.25294988 -.00000017  00000+0  00000+0 0  9996
2 43234   0.0569 264.3115 0023994  53.5604  41.9436  5.00080194150954
SES-12                  
1 43488U 18049A   26171.33948226 -.00000274  00000+0  00000+0 0  9995
2 43488   0.0148  14.7336 0000672 264.4074 206.6153  1.00269236 29450
O3B FM20                
1 44112U 19020A   26171.21035846 -.00000024  00000+0  00000+0 0  9995
2 44112   0.0522 358.1977 0002425  82.5591 279.2683  5.00115596131729
O3B FM19                
1 44113U 19020B   26171.23738051 -.00000024  00000+0  00000+0 0  9996
2 44113   0.0767 339.7870 0003900  91.3644 288.8886  5.00115961131596
O3B FM17                
1 44114U 19020C   26170.91776301 -.00000024  00000+0  00000+0 0  9991
2 44114   0.0338   7.9381 0002581  79.8410 272.2480  5.00115533131657
O3B FM18                
1 44115U 19020D   26171.26387612 -.00000024  00000+0  00000+0 0  9994
2 44115   0.0526 358.0710 0002769  90.9871 270.9712  5.00115338131809
SES-17                  
1 49332U 21095A   26169.59643572 -.00000278  00000+0  00000+0 0  9999
2 49332   0.0267  40.8266 0000811  45.0665 328.5524  1.00269036 17868
SES-22                  
1 52933U 22071A   26171.36449514  .00000100  00000+0  00000+0 0  9996
2 52933   0.0091  34.4553 0001394  43.1756 183.1477  1.00272735  7556
SES-20                  
1 53960U 22123A   26170.87250183 -.00000106  00000+0  00000+0 0  9999
2 53960   0.0296  69.4323 0001819  12.2949  37.3554  1.00271156 13560
SES-21                  
1 53961U 22123B   26171.39489199  .00000000  00000+0  00000+0 0  9991
2 53961   0.0398  21.6419 0001006  72.4818 185.7194  1.00268958  7243
O3B MPOWER F1           
1 54755U 22174A   26171.46400404 -.00000024  00000+0  00000+0 0  9996
2 54755   0.0518 341.5020 0006455 120.9944 117.8650  5.00114922 65526
O3B MPOWER F2           
1 54756U 22174B   26171.30840233 -.00000024  00000+0  00000+0 0  9998
2 54756   0.0477 341.0694 0005858 104.0711 274.9240  5.00115060 65607
SES-18                  
1 55970U 23038A   26171.37161705 -.00000106  00000+0  00000+0 0  9995
2 55970   0.0112 310.7634 0000075 250.1603  98.3356  1.00271692 12134
SES-19                  
1 55971U 23038B   26171.35044763  .00000083  00000+0  00000+0 0  9991
2 55971   0.0305 294.0186 0001709 159.7518 166.0491  1.00270933 12128
O3B MPOWER F4           
1 56367U 23059A   26169.77353318 -.00000023  00000+0  00000+0 0  9991
2 56367   0.0634 354.4763 0007640  99.1856 266.4232  5.00115570 58685
O3B MPOWER F3           
1 56368U 23059B   26171.20594808 -.00000024  00000+0  00000+0 0  9995
2 56368   0.0642 353.6357 0006721  93.9986 272.4403  5.00116470 54885
O3B MPOWER F5           
1 58346U 23175A   26171.10702979 -.00000024  00000+0  00000+0 0  9991
2 58346   0.0493  11.3053 0005179  95.6941 253.0549  5.00116038 49581
O3B MPOWER F6           
1 58347U 23175B   26171.20749926 -.00000024  00000+0  00000+0 0  9996
2 58347   0.0526   3.2901 0004501  81.6862 275.0727  5.00115911 48508
ASTRA 1P (SES-24)       
1 60086U 24115A   26170.84211356  .00000115  00000+0  00000+0 0  9994
2 60086   0.0580 357.1167 0000651  25.1211 208.1930  1.00275004  7222
O3B MPOWER F7           
1 62362U 24244A   26171.07398353 -.00000024  00000+0  00000+0 0  9995
2 62362   0.0677 347.8113 0006032  97.7220 274.5333  5.00115255 26678
O3B MPOWER F8           
1 62363U 24244B   26171.24081174 -.00000024  00000+0  00000+0 0  9995
2 62363   0.0157 335.6790 0005944 102.2989 282.0863  5.00115152 21025
O3B MPOWER F9           
1 64866U 25153A   26171.37412059 -.00000024  00000+0  00000+0 0  9999
2 64866   0.0589   9.4546 0006421 100.7311 249.8810  5.00115764 19717
O3B MPOWER F10          
1 64867U 25153B   26171.34012889 -.00000024  00000+0  00000+0 0  9994
2 64867   0.0567   5.4933 0001911 250.3426 104.1404  5.00114901 22198
